9.966965577995342551e-01 2.498560362475092944e-01
9.981826604801417036e-01 3.542604858274251978e-01
9.984562632220561618e-01 3.800545429080854354e-01
9.984501053943624083e-01 4.648394274295885586e-01
9.984358253489742374e-01 4.924687758983855579e-01
9.985460719714200906e-01 5.452813302583345845e-01
9.986180436284974871e-01 5.814057874815934390e-01
9.985776841593025921e-01 5.663862062004431097e-01
9.987458698013711444e-01 6.447820214863009269e-01
9.986706468196905329e-01 6.136676827322706806e-01
9.987113492429814388e-01 6.139412245936010093e-01
9.988016402540572658e-01 6.211426923292540092e-01
9.987616195665800500e-01 6.380171661555071871e-01
9.988502052111319918e-01 6.313666161006011857e-01
9.989160826217972078e-01 6.673384824709228669e-01
9.988812588257494074e-01 6.393578506644455040e-01
9.989329575116110416e-01 6.537349871505754306e-01
9.989792228598218804e-01 6.685481410802937008e-01
9.988626285900182866e-01 6.504327471636970337e-01
9.990689727928709907e-01 6.963405410567070630e-01
9.989920849544924319e-01 6.746621264721968103e-01
9.991600699367954030e-01 7.243955400127378708e-01
9.992317857973175288e-01 7.239582434814073597e-01
9.990117730874641389e-01 6.634289648145986762e-01
9.991772927252206005e-01 6.908783963039962783e-01
9.992898169445209033e-01 7.369155533249392986e-01
9.993014531603511275e-01 7.233609583207075699e-01
9.991712272874184730e-01 6.993179416750855415e-01
9.991440500414782155e-01 7.002908996967784905e-01
9.992118132429770316e-01 7.392058908089338409e-01
