6.232762970235204980e-01
6.762215731537826180e-01
6.892554030650707153e-01
7.316447664119757333e-01
7.454523006236800642e-01
7.719137011148772265e-01
7.900119155550449079e-01
7.824819451798732395e-01
8.217639456438365908e-01
8.061691647759797741e-01
8.063262869182913350e-01
8.099721662916546938e-01
8.183893928610443957e-01
8.151084106558670328e-01
8.331272825463607035e-01
8.191195547450970116e-01
8.263339723310916263e-01
8.337636819700571245e-01
8.246476878768586039e-01
8.477047569247888603e-01
8.368271057133460644e-01
8.617778049747658597e-01
8.615950146393621667e-01
8.312203689510314630e-01
8.450278445146095496e-01
8.681026851347295459e-01
8.613312057405289046e-01
8.492445844812517297e-01
8.497174748691269652e-01
8.692088520259549922e-01
