5.971335785474619628e-01
6.381355223731978166e-01
6.543336454782027189e-01
6.941372868787373251e-01
7.058848868724680869e-01
7.327052198631892610e-01
7.498959698585572209e-01
7.444185978139677973e-01
7.808036523656687322e-01
7.654172466091836435e-01
7.649670435466211504e-01
7.712715219517282117e-01
7.776147590437637591e-01
7.782454573638464268e-01
7.961824101673953269e-01
7.801348193657298147e-01
7.884459633067260054e-01
7.975909729198574771e-01
7.866958012148731472e-01
8.123057928510435399e-01
8.003737180261514261e-01
8.282554473183000310e-01
8.315356961523316937e-01
7.986760140780740924e-01
8.124106880405824738e-01
8.365858067164378964e-01
8.322421833296650417e-01
8.189389255654173638e-01
8.172758892934814945e-01
8.364607567033461866e-01
