2.700030494957141869e-01
3.657029712925395359e-01
3.994887573490243926e-01
4.811846932518646369e-01
5.045914035678236154e-01
5.594073724141758186e-01
5.899260771716191565e-01
5.749823536798901458e-01
6.462751734576889229e-01
6.164525948164641944e-01
6.150235286220244735e-01
6.257194291895795679e-01
6.390749245523638100e-01
6.330613881861730796e-01
6.671627319481809870e-01
6.365972766966252472e-01
6.548818458246190577e-01
6.685369731906397606e-01
6.551280234479662790e-01
6.946834317207100096e-01
6.745077209597468704e-01
7.256203268055834155e-01
7.267107304374387233e-01
6.659072173789224447e-01
6.879609494970337913e-01
7.335673343273994007e-01
7.235165078778682535e-01
7.014534017324514092e-01
7.028330704971044174e-01
7.381898301553042607e-01
